,Year,Number of Earthquakes
0,1750,8
1,1751,11
2,1752,4
3,1753,0
4,1754,5
5,1755,11
6,1756,1
7,1757,8
8,1758,2
9,1759,6
10,1760,1
11,1761,4
12,1762,2
13,1763,6
14,1764,2
15,1765,3
16,1766,9
17,1767,5
18,1768,4
19,1769,6
20,1770,6
21,1771,3
22,1772,3
23,1773,3
24,1774,4
25,1775,6
26,1776,3
27,1777,2
28,1778,3
29,1779,1
30,1780,5
31,1781,3
32,1782,2
33,1783,10
34,1784,10
35,1785,3
36,1786,5
37,1787,7
38,1788,4
39,1789,3
40,1790,2
41,1791,9
42,1792,6
43,1793,5
44,1794,2
45,1795,3
46,1796,5
47,1797,3
48,1798,5
49,1799,8
50,1800,3
51,1801,2
52,1802,7
53,1803,2
54,1804,5
55,1805,4
56,1806,5
57,1807,0
58,1808,6
59,1809,3
60,1810,5
61,1811,7
62,1812,11
63,1813,2
64,1814,5
65,1815,7
66,1816,4
67,1817,4
68,1818,8
69,1819,8
70,1820,11
71,1821,5
72,1822,7
73,1823,10
74,1824,7
75,1825,7
76,1826,4
77,1827,6
78,1828,8
79,1829,8
80,1830,9
81,1831,8
82,1832,3
83,1833,9
84,1834,14
85,1835,6
86,1836,6
87,1837,11
88,1838,6
89,1839,10
90,1840,8
91,1841,5
92,1842,8
93,1843,11
94,1844,8
95,1845,11
96,1846,8
97,1847,11
98,1848,8
99,1849,6
100,1850,3
101,1851,16
102,1852,19
103,1853,12
104,1854,21
105,1855,23
106,1856,13
107,1857,14
108,1858,16
109,1859,17
110,1860,6
111,1861,14
112,1862,11
113,1863,15
114,1864,7
115,1865,13
116,1866,11
117,1867,12
118,1868,25
119,1869,21
120,1870,16
121,1871,17
122,1872,17
123,1873,12
124,1874,10
125,1875,19
126,1876,4
127,1877,8
128,1878,22
129,1879,10
130,1880,18
131,1881,21
132,1882,10
133,1883,6
134,1884,10
135,1885,21
136,1886,4
137,1887,14
138,1888,12
139,1889,11
140,1890,5
141,1891,9
142,1892,12
143,1893,17
144,1894,15
145,1895,20
146,1896,18
147,1897,25
148,1898,13
149,1899,18
150,1900,17
151,1901,18
152,1902,22
153,1903,22
154,1904,18
155,1905,32
156,1906,32
157,1907,23
158,1908,13
159,1909,34
160,1910,22
161,1911,20
162,1912,16
163,1913,20
164,1914,21
165,1915,17
166,1916,25
167,1917,25
168,1918,19
169,1919,17
170,1920,12
171,1921,16
172,1922,23
173,1923,28
174,1924,18
175,1925,24
176,1926,23
177,1927,29
178,1928,33
179,1929,22
180,1930,34
181,1931,30
182,1932,25
183,1933,18
184,1934,19
185,1935,27
186,1936,19
187,1937,19
188,1938,27
189,1939,20
190,1940,16
191,1941,20
192,1942,18
193,1943,25
194,1944,15
195,1945,12
196,1946,20
197,1947,17
198,1948,20
199,1949,22
200,1950,27
201,1951,17
202,1952,19
203,1953,21
204,1954,23
205,1955,24
206,1956,26
207,1957,27
208,1958,22
209,1959,28
210,1960,22
211,1961,35
212,1962,34
213,1963,27
214,1964,20
215,1965,26
216,1966,33
217,1967,27
218,1968,39
219,1969,31
220,1970,31
221,1971,33
222,1972,26
223,1973,26
224,1974,21
225,1975,30
226,1976,35
227,1977,25
228,1978,34
229,1979,34
230,1980,33
231,1981,23
232,1982,25
233,1983,46
234,1984,28
235,1985,30
236,1986,33
237,1987,33
238,1988,30
239,1989,35
240,1990,51
241,1991,42
242,1992,27
243,1993,26
244,1994,33
245,1995,31
246,1996,19
247,1997,34
248,1998,31
249,1999,35
250,2000,37
251,2001,26
252,2002,60
253,2003,72
254,2004,78
255,2005,60
256,2006,63
257,2007,67
258,2008,77
259,2009,61
260,2010,62
261,2011,60
262,2012,50
263,2013,54
264,2014,55
265,2015,48
266,2016,53
267,2017,64
268,2018,69
269,2019,62
270,2020,29
271,2021,42
272,2022,28
