,Year,Month,Monthly Temperature Anomaly
0,1750,1,-0.466
1,1750,2,-0.836
2,1750,3,0.678
3,1750,4,0.095
4,1750,5,-1.205
5,1750,6,-0.559
6,1750,7,0.419
7,1750,8,0.676
8,1750,9,-0.782
9,1750,10,-2.244
10,1750,11,-4.331
11,1750,12,-2.988
12,1751,1,-1.403
13,1751,2,-2.648
14,1751,3,0.591
15,1751,4,-1.079
16,1751,5,-0.855
17,1751,6,-0.946
18,1751,7,1.063
19,1751,8,0.211
20,1751,9,-1.112
21,1751,10,-2.764
22,1751,11,-2.926
23,1751,12,-1.948
24,1752,1,-3.087
25,1752,2,2.264
26,1752,3,0.585
27,1752,4,-1.362
28,1752,5,-0.098
29,1752,6,0.372
30,1752,7,0.896
31,1752,8,-0.908
32,1752,9,-1.175
33,1752,10,-1.442
34,1752,11,0.058
35,1752,12,-1.025
36,1753,1,-0.619
37,1753,2,-1.074
38,1753,3,1.22
39,1753,4,-0.682
40,1753,5,0.224
41,1753,6,0.025
42,1753,7,-0.229
43,1753,8,-0.778
44,1753,9,-1.282
45,1753,10,-0.672
46,1753,11,-1.15
47,1753,12,-3.968
48,1754,1,-0.416
49,1754,2,-2.496
50,1754,3,-0.976
51,1754,4,3.209
52,1754,5,0.78
53,1754,6,0.407
54,1754,7,0.177
55,1754,8,-1.144
56,1754,9,-1.625
57,1754,10,0.046
58,1754,11,-0.208
59,1754,12,-0.191
60,1755,1,-0.779
61,1755,2,-2.015
62,1755,3,-1.377
63,1755,4,0.413
64,1755,5,0.503
65,1755,6,0.882
66,1755,7,0.467
67,1755,8,-1.6
68,1755,9,-1.401
69,1755,10,1.49
70,1755,11,-1.104
71,1755,12,-2.144
72,1756,1,0.824
73,1756,2,2.943
74,1756,3,-0.353
75,1756,4,0.704
76,1756,5,0.688
77,1756,6,0.5
78,1756,7,-0.52
79,1756,8,-1.043
80,1756,9,-0.766
81,1756,10,-1.421
82,1756,11,-2.163
83,1756,12,-3.075
84,1757,1,-2.469
85,1757,2,1.393
86,1757,3,-0.448
87,1757,4,0.117
88,1757,5,0.657
89,1757,6,2.461
90,1757,7,2.383
91,1757,8,2.102
92,1757,9,0.991
93,1757,10,-3.846
94,1757,11,-1.978
95,1757,12,-2.93
96,1758,1,-4.398
97,1758,2,-2.547
98,1758,3,-1.336
99,1758,4,-1.426
100,1758,5,-2.525
101,1758,6,-0.956
102,1758,7,-1.307
103,1758,8,-2.999
104,1758,9,-2.536
105,1758,10,-3.585
106,1758,11,-0.948
107,1758,12,-1.789
108,1759,1,1.441
109,1759,2,1.427
110,1759,3,-0.491
111,1759,4,-1.993
112,1759,5,-1.884
113,1759,6,0.012
114,1759,7,-2.142
115,1759,8,-0.137
116,1759,9,-0.807
117,1759,10,-2.045
118,1759,11,-2.775
119,1759,12,-4.771
120,1760,1,-4.418
121,1760,2,-0.194
122,1760,3,-2.995
123,1760,4,-1.673
124,1760,5,-1.313
125,1760,6,-1.54
126,1760,7,-2.449
127,1760,8,-1.247
128,1760,9,-2.066
129,1760,10,-2.802
130,1760,11,-1.176
131,1760,12,-3.077
132,1761,1,-2.575
133,1761,2,-1.127
134,1761,3,0.727
135,1761,4,-1.017
136,1761,5,1.379
137,1761,6,2.957
138,1761,7,4.039
139,1761,8,0.738
140,1761,9,-0.294
141,1761,10,-3.433
142,1761,11,-1.161
143,1761,12,-5.988
144,1762,1,2.583
145,1762,2,0.936
146,1762,3,-1.614
147,1762,4,-0.038
148,1762,5,-0.965
149,1762,6,-0.608
150,1762,7,-0.832
151,1762,8,-0.284
152,1762,9,-2.022
153,1762,10,-3.085
154,1762,11,0.016
155,1762,12,-1.917
156,1763,1,-2.8
157,1763,2,-2.475
158,1763,3,-3.716
159,1763,4,-1.402
160,1763,5,-1.417
161,1763,6,-1.558
162,1763,7,1.696
163,1763,8,-0.816
164,1763,9,-1.168
165,1763,10,-3.017
166,1763,11,-2.052
167,1763,12,-1.204
168,1764,1,-2.061
169,1764,2,2.352
170,1764,3,-0.581
171,1764,4,-1.155
172,1764,5,-1.268
173,1764,6,-2.397
174,1764,7,-1.433
175,1764,8,-1.375
176,1764,9,-1.338
177,1764,10,0.727
178,1764,11,-0.449
179,1764,12,1.597
180,1765,1,1.387
181,1765,2,0.108
182,1765,3,1.14
183,1765,4,0.625
184,1765,5,-0.82
185,1765,6,-2.906
186,1765,7,-0.846
187,1765,8,-0.565
188,1765,9,-1.017
189,1765,10,-1.2
190,1765,11,-0.086
191,1765,12,-0.716
192,1766,1,-3.185
193,1766,2,1.002
194,1766,3,0.332
195,1766,4,-0.554
196,1766,5,-0.212
197,1766,6,-0.422
198,1766,7,-1.418
199,1766,8,-0.274
200,1766,9,0.156
201,1766,10,-0.949
202,1766,11,1.607
203,1766,12,-0.974
204,1767,1,-3.503
205,1767,2,-0.179
206,1767,3,1.114
207,1767,4,-2.358
208,1767,5,-1.457
209,1767,6,0.783
210,1767,7,-1.301
211,1767,8,0.814
212,1767,9,-0.319
213,1767,10,-0.243
214,1767,11,2.24
215,1767,12,-2.131
216,1768,1,-4.981
217,1768,2,-3.32
218,1768,3,-3.379
219,1768,4,-1.392
220,1768,5,-2.568
221,1768,6,-1.385
222,1768,7,-0.371
223,1768,8,-1.19
224,1768,9,-1.195
225,1768,10,-1.415
226,1768,11,-1.037
227,1768,12,-0.591
228,1769,1,-0.06
229,1769,2,-1.126
230,1769,3,-0.897
231,1769,4,0.511
232,1769,5,1.375
233,1769,6,1.269
234,1769,7,-0.219
235,1769,8,-0.449
236,1769,9,-0.709
237,1769,10,-4.004
238,1769,11,-3.051
239,1769,12,-4.264
240,1770,1,-0.492
241,1770,2,0.337
242,1770,3,-4.059
243,1770,4,1.186
244,1770,5,-1.476
245,1770,6,-2.014
246,1770,7,-3.01
247,1770,8,-2.212
248,1770,9,-0.924
249,1770,10,-0.098
250,1770,11,0.12
251,1770,12,1.18
252,1771,1,2.449
253,1771,2,-4.43
254,1771,3,-3.426
255,1771,4,-2.729
256,1771,5,-1.653
257,1771,6,0.082
258,1771,7,-0.737
259,1771,8,0.162
260,1771,9,-0.582
261,1771,10,0.963
262,1771,11,-1.317
263,1771,12,-0.86
264,1772,1,-0.934
265,1772,2,-2.15
266,1772,3,-2.861
267,1772,4,0.086
268,1772,5,-2.044
269,1772,6,-1.347
270,1772,7,0.099
271,1772,8,0.164
272,1772,9,-1.641
273,1772,10,0.182
274,1772,11,2.267
275,1772,12,2.557
276,1773,1,-3.279
277,1773,2,-1.805
278,1773,3,-1.025
279,1773,4,1.137
280,1773,5,1.704
281,1773,6,-0.863
282,1773,7,0.026
283,1773,8,-0.232
284,1773,9,0.506
285,1773,10,0.119
286,1773,11,-2.064
287,1773,12,2.265
288,1774,1,-3.239
289,1774,2,1.1
290,1774,3,-0.049
291,1774,4,1.619
292,1774,5,5.599
293,1774,6,1.816
294,1774,7,1.924
295,1774,8,0.221
296,1774,9,-1.132
297,1774,10,-0.762
298,1774,11,-2.763
299,1774,12,-3.058
300,1775,1,1.375
301,1775,2,2.56
302,1775,3,1.718
303,1775,4,-1.443
304,1775,5,-0.806
305,1775,6,-1.657
306,1775,7,-0.137
307,1775,8,0.286
308,1775,9,-1.025
309,1775,10,1.064
310,1775,11,2.198
311,1775,12,-1.975
312,1776,1,-3.439
313,1776,2,0.89
314,1776,3,-1.545
315,1776,4,-1.787
316,1776,5,-1.717
317,1776,6,0.334
318,1776,7,-0.821
319,1776,8,0.649
320,1776,9,-1.835
321,1776,10,-1.627
322,1776,11,-0.694
323,1776,12,0.917
324,1777,1,3.069
325,1777,2,1.073
326,1777,3,-0.873
327,1777,4,-3.016
328,1777,5,-0.696
329,1777,6,-1.73
330,1777,7,-2.227
331,1777,8,-1.624
332,1777,9,-1.157
333,1777,10,-2.8
334,1777,11,-0.666
335,1777,12,-0.318
336,1778,1,0.228
337,1778,2,2.055
338,1778,3,-1.823
339,1778,4,1.412
340,1778,5,-0.82
341,1778,6,-2.417
342,1778,7,0.106
343,1778,8,-1.774
344,1778,9,0.807
345,1778,10,-1.925
346,1778,11,-2.395
347,1778,12,-1.789
348,1779,1,-1.421
349,1779,2,1.271
350,1779,3,0.77
351,1779,4,0.379
352,1779,5,1.859
353,1779,6,-1.925
354,1779,7,-1.58
355,1779,8,-0.621
356,1779,9,0.169
357,1779,10,-0.173
358,1779,11,-0.11
359,1779,12,-1.25
360,1780,1,-0.328
361,1780,2,0.571
362,1780,3,-0.252
363,1780,4,4.361
364,1780,5,2.939
365,1780,6,0.239
366,1780,7,0.977
367,1780,8,-1.148
368,1780,9,-2.887
369,1780,10,0.54
370,1780,11,0.214
371,1780,12,-1.667
372,1781,1,-0.282
373,1781,2,-0.904
374,1781,3,-0.495
375,1781,4,-1.553
376,1781,5,-0.247
377,1781,6,-1.683
378,1781,7,-0.014
379,1781,8,0.662
380,1781,9,-1.569
381,1781,10,-0.555
382,1781,11,1.686
383,1781,12,-0.457
384,1782,1,-1.985
385,1782,2,-2.211
386,1782,3,-2.214
387,1782,4,0.173
388,1782,5,0.232
389,1782,6,0.233
390,1782,7,-0.415
391,1782,8,1.541
392,1782,9,0.567
393,1782,10,-0.629
394,1782,11,-1.268
395,1782,12,-1.697
396,1783,1,-3.557
397,1783,2,1.559
398,1783,3,-0.885
399,1783,4,-0.3
400,1783,5,0.653
401,1783,6,1.5
402,1783,7,-1.027
403,1783,8,0.059
404,1783,9,-2.191
405,1783,10,-1.444
406,1783,11,-3.615
407,1783,12,-0.994
408,1784,1,-0.389
409,1784,2,-1.786
410,1784,3,-1.004
411,1784,4,-0.191
412,1784,5,-1.875
413,1784,6,-0.389
414,1784,7,0.253
415,1784,8,1.379
416,1784,9,-1.64
417,1784,10,-1.478
418,1784,11,-0.949
419,1784,12,-0.53
420,1785,1,-0.306
421,1785,2,-1.331
422,1785,3,-3.989
423,1785,4,-1.42
424,1785,5,-1.29
425,1785,6,1.201
426,1785,7,0.2
427,1785,8,0.738
428,1785,9,-1.434
429,1785,10,-1.283
430,1785,11,0.11
431,1785,12,-2.176
432,1786,1,-2.321
433,1786,2,-1.279
434,1786,3,0.582
435,1786,4,0.073
436,1786,5,0.033
437,1786,6,0.036
438,1786,7,0.957
439,1786,8,0.84
440,1786,9,0.622
441,1786,10,-0.756
442,1786,11,-2.532
443,1786,12,-3.531
444,1787,1,0.731
445,1787,2,-0.171
446,1787,3,-0.116
447,1787,4,-1.046
448,1787,5,0.092
449,1787,6,0.724
450,1787,7,-0.777
451,1787,8,-0.384
452,1787,9,-1.818
453,1787,10,-1.262
454,1787,11,-0.888
455,1787,12,-1.123
456,1788,1,-2.376
457,1788,2,0.158
458,1788,3,-0.632
459,1788,4,-0.106
460,1788,5,-0.589
461,1788,6,0.525
462,1788,7,2.05
463,1788,8,0.662
464,1788,9,-0.113
465,1788,10,0.245
466,1788,11,0.535
467,1788,12,-3.765
468,1789,1,0.428
469,1789,2,-0.829
470,1789,3,-0.926
471,1789,4,-1.083
472,1789,5,0.016
473,1789,6,-0.228
474,1789,7,0.838
475,1789,8,0.049
476,1789,9,0.103
477,1789,10,-0.984
478,1789,11,0.325
479,1789,12,0.324
480,1790,1,0.528
481,1790,2,0.323
482,1790,3,-0.292
483,1790,4,-1.546
484,1790,5,-0.867
485,1790,6,0.142
486,1790,7,-0.953
487,1790,8,-0.492
488,1790,9,-0.624
489,1790,10,-0.55
490,1790,11,-0.746
491,1790,12,0.128
492,1791,1,0.889
493,1791,2,0.411
494,1791,3,0.357
495,1791,4,0.192
496,1791,5,-0.765
497,1791,6,-0.176
498,1791,7,-0.85
499,1791,8,-0.071
500,1791,9,-0.728
501,1791,10,-1.232
502,1791,11,0.321
503,1791,12,0.031
504,1792,1,-2.292
505,1792,2,0.545
506,1792,3,-0.469
507,1792,4,-0.471
508,1792,5,0.444
509,1792,6,0.853
510,1792,7,0.31
511,1792,8,-1.304
512,1792,9,0.23
513,1792,10,-1.343
514,1792,11,-0.848
515,1792,12,-0.193
516,1793,1,-1.035
517,1793,2,1.617
518,1793,3,0.259
519,1793,4,0.43
520,1793,5,-0.125
521,1793,6,-0.105
522,1793,7,0.121
523,1793,8,-0.569
524,1793,9,-0.569
525,1793,10,-0.884
526,1793,11,-0.478
527,1793,12,-1.535
528,1794,1,1.266
529,1794,2,0.019
530,1794,3,1.202
531,1794,4,0.534
532,1794,5,1.271
533,1794,6,-1.038
534,1794,7,-1.392
535,1794,8,-0.368
536,1794,9,0.414
537,1794,10,-0.09
538,1794,11,0.051
539,1794,12,-0.232
540,1795,1,0.656
541,1795,2,1.651
542,1795,3,0.976
543,1795,4,1.105
544,1795,5,0.721
545,1795,6,-0.672
546,1795,7,0.368
547,1795,8,0.023
548,1795,9,-1.432
549,1795,10,-1.024
550,1795,11,-0.172
551,1795,12,0.352
552,1796,1,1.417
553,1796,2,0.641
554,1796,3,-1.828
555,1796,4,-0.662
556,1796,5,0.03
557,1796,6,1.061
558,1796,7,-0.135
559,1796,8,0.832
560,1796,9,-0.06
561,1796,10,-0.082
562,1796,11,-0.487
563,1796,12,-2.381
564,1797,1,2.328
565,1797,2,3.083
566,1797,3,-0.628
567,1797,4,-1.299
568,1797,5,-0.815
569,1797,6,0.547
570,1797,7,-0.737
571,1797,8,0.016
572,1797,9,-0.089
573,1797,10,-0.446
574,1797,11,-1.227
575,1797,12,-0.066
576,1798,1,0.582
577,1798,2,0.235
578,1798,3,1.389
579,1798,4,-0.377
580,1798,5,-0.193
581,1798,6,-0.177
582,1798,7,0.455
583,1798,8,1.093
584,1798,9,-0.755
585,1798,10,-0.673
586,1798,11,0.139
587,1798,12,-1.372
588,1799,1,-0.177
589,1799,2,-2.077
590,1799,3,-1.792
591,1799,4,0.048
592,1799,5,-0.094
593,1799,6,0.161
594,1799,7,0.008
595,1799,8,-0.274
596,1799,9,-0.227
597,1799,10,0.045
598,1799,11,0.677
599,1799,12,-1.802
600,1800,1,-0.604
601,1800,2,-0.598
602,1800,3,-0.871
603,1800,4,0.715
604,1800,5,-0.776
605,1800,6,-0.13
606,1800,7,-0.62
607,1800,8,-0.256
608,1800,9,-1.062
609,1800,10,0.024
610,1800,11,0.018
611,1800,12,0.078
612,1801,1,1.066
613,1801,2,0.663
614,1801,3,1.608
615,1801,4,-0.766
616,1801,5,1.096
617,1801,6,-0.373
618,1801,7,0.137
619,1801,8,-1.158
620,1801,9,-0.229
621,1801,10,1.165
622,1801,11,-0.139
623,1801,12,1.079
624,1802,1,1.695
625,1802,2,1.487
626,1802,3,1.493
627,1802,4,0.488
628,1802,5,-1.151
629,1802,6,0.112
630,1802,7,-0.108
631,1802,8,-0.426
632,1802,9,0.02
633,1802,10,0.023
634,1802,11,-0.772
635,1802,12,-0.517
636,1803,1,-1.34
637,1803,2,-0.925
638,1803,3,-0.039
639,1803,4,0.808
640,1803,5,0.386
641,1803,6,0.29
642,1803,7,0.241
643,1803,8,0.795
644,1803,9,0.223
645,1803,10,0.67
646,1803,11,-0.129
647,1803,12,-0.768
648,1804,1,-0.304
649,1804,2,-1.115
650,1804,3,-0.944
651,1804,4,1.215
652,1804,5,0.65
653,1804,6,0.118
654,1804,7,1.306
655,1804,8,0.201
656,1804,9,0.246
657,1804,10,-0.321
658,1804,11,0.924
659,1804,12,-1.031
660,1805,1,0.4
661,1805,2,-0.344
662,1805,3,0.713
663,1805,4,-0.24
664,1805,5,-0.108
665,1805,6,0.502
666,1805,7,0.09
667,1805,8,1.105
668,1805,9,-0.244
669,1805,10,-1.933
670,1805,11,-1.555
671,1805,12,0.735
672,1806,1,0.414
673,1806,2,-0.162
674,1806,3,-0.458
675,1806,4,-0.35
676,1806,5,0.25
677,1806,6,-1.128
678,1806,7,-0.617
679,1806,8,0.59
680,1806,9,0.365
681,1806,10,-0.892
682,1806,11,-0.817
683,1806,12,0.419
684,1807,1,-1.699
685,1807,2,0.309
686,1807,3,-0.506
687,1807,4,-1.478
688,1807,5,-2.146
689,1807,6,-0.227
690,1807,7,-0.229
691,1807,8,-0.439
692,1807,9,0.465
693,1807,10,-0.401
694,1807,11,0.198
695,1807,12,0.853
696,1808,1,-1.485
697,1808,2,-0.993
698,1808,3,-0.946
699,1808,4,-1.081
700,1808,5,-1.999
701,1808,6,-0.246
702,1808,7,0.061
703,1808,8,-0.939
704,1808,9,-0.268
705,1808,10,-0.843
706,1808,11,-1.435
707,1808,12,-2.174
708,1809,1,-2.296
709,1809,2,-2.13
710,1809,3,-1.823
711,1809,4,-0.625
712,1809,5,-1.821
713,1809,6,-0.493
714,1809,7,-1.634
715,1809,8,-0.802
716,1809,9,-0.968
717,1809,10,-0.729
718,1809,11,-2.751
719,1809,12,-1.16
720,1810,1,-1.944
721,1810,2,-0.619
722,1810,3,-0.082
723,1810,4,-1.573
724,1810,5,-2.027
725,1810,6,-1.707
726,1810,7,-1.748
727,1810,8,-1.621
728,1810,9,-2.196
729,1810,10,-2.262
730,1810,11,-1.83
731,1810,12,-0.922
732,1811,1,-1.619
733,1811,2,-2.864
734,1811,3,-1.125
735,1811,4,-2.221
736,1811,5,-1.47
737,1811,6,-0.892
738,1811,7,-2.062
739,1811,8,-0.448
740,1811,9,-1.584
741,1811,10,-2.168
742,1811,11,-2.406
743,1811,12,0.095
744,1812,1,-1.313
745,1812,2,-2.908
746,1812,3,-2.922
747,1812,4,-1.46
748,1812,5,-1.725
749,1812,6,-1.597
750,1812,7,0.004
751,1812,8,1.478
752,1812,9,-1.673
753,1812,10,-1.515
754,1812,11,-1.335
755,1812,12,-2.172
756,1813,1,-3.801
757,1813,2,-0.9
758,1813,3,-3.019
759,1813,4,-0.214
760,1813,5,0.21
761,1813,6,-0.401
762,1813,7,-0.078
763,1813,8,-0.856
764,1813,9,0.198
765,1813,10,-0.717
766,1813,11,0.873
767,1813,12,-1.333
768,1814,1,-0.826
769,1814,2,-1.301
770,1814,3,-2.524
771,1814,4,-1.271
772,1814,5,-1.981
773,1814,6,-0.729
774,1814,7,-1.845
775,1814,8,-1.17
776,1814,9,-1.512
777,1814,10,-1.739
778,1814,11,0.864
779,1814,12,2.596
780,1815,1,-0.682
781,1815,2,-0.817
782,1815,3,-1.443
783,1815,4,-1.761
784,1815,5,-1.36
785,1815,6,-2.334
786,1815,7,-0.055
787,1815,8,-0.598
788,1815,9,-0.891
789,1815,10,-1.976
790,1815,11,-1.905
791,1815,12,-2.363
792,1816,1,0.309
793,1816,2,-3.442
794,1816,3,-1.375
795,1816,4,-0.85
796,1816,5,-0.59
797,1816,6,-1.793
798,1816,7,-2.29
799,1816,8,-1.35
800,1816,9,-1.816
801,1816,10,-3.854
802,1816,11,-1.805
803,1816,12,-1.519
804,1817,1,-0.678
805,1817,2,1.059
806,1817,3,0.027
807,1817,4,-0.068
808,1817,5,-1.718
809,1817,6,-2.417
810,1817,7,-2.191
811,1817,8,-0.607
812,1817,9,-3.696
813,1817,10,-2.94
814,1817,11,-1.066
815,1817,12,-2.802
816,1818,1,-0.554
817,1818,2,-1.62
818,1818,3,0.988
819,1818,4,1.858
820,1818,5,0.361
821,1818,6,0.662
822,1818,7,-0.848
823,1818,8,-0.692
824,1818,9,-1.858
825,1818,10,-2.493
826,1818,11,-0.026
827,1818,12,-0.842
828,1819,1,-1.22
829,1819,2,-0.902
830,1819,3,-2.5
831,1819,4,-1.58
832,1819,5,-0.935
833,1819,6,-0.814
834,1819,7,-1.32
835,1819,8,-1.236
836,1819,9,-0.76
837,1819,10,-0.697
838,1819,11,-0.81
839,1819,12,-1.963
840,1820,1,-2.98
841,1820,2,-0.681
842,1820,3,-0.56
843,1820,4,0.938
844,1820,5,0.279
845,1820,6,-0.207
846,1820,7,-0.594
847,1820,8,-1.553
848,1820,9,-0.738
849,1820,10,-1.851
850,1820,11,-1.432
851,1820,12,-2.044
852,1821,1,0.387
853,1821,2,0.884
854,1821,3,0.207
855,1821,4,-0.522
856,1821,5,-0.082
857,1821,6,-1.242
858,1821,7,-1.282
859,1821,8,-0.909
860,1821,9,-1.99
861,1821,10,-1.19
862,1821,11,-0.803
863,1821,12,-1.089
864,1822,1,-0.238
865,1822,2,1.065
866,1822,3,2.243
867,1822,4,-0.358
868,1822,5,-0.481
869,1822,6,-0.353
870,1822,7,-0.504
871,1822,8,-0.658
872,1822,9,-1.519
873,1822,10,-1.538
874,1822,11,-1.441
875,1822,12,-2.795
876,1823,1,-0.769
877,1823,2,-0.9
878,1823,3,-0.353
879,1823,4,-0.751
880,1823,5,-0.649
881,1823,6,0.061
882,1823,7,0.034
883,1823,8,-0.804
884,1823,9,-1.49
885,1823,10,-1.668
886,1823,11,-1.374
887,1823,12,-1.286
888,1824,1,0.332
889,1824,2,-0.402
890,1824,3,0.083
891,1824,4,0.036
892,1824,5,0.039
893,1824,6,-0.05
894,1824,7,0.079
895,1824,8,-0.746
896,1824,9,-0.545
897,1824,10,-1.369
898,1824,11,-0.645
899,1824,12,0.811
900,1825,1,0.146
901,1825,2,-0.269
902,1825,3,-0.267
903,1825,4,0.617
904,1825,5,-0.236
905,1825,6,0.146
906,1825,7,-0.886
907,1825,8,-0.81
908,1825,9,-1.099
909,1825,10,-1.132
910,1825,11,-0.294
911,1825,12,-0.658
912,1826,1,-0.644
913,1826,2,-1.436
914,1826,3,-0.526
915,1826,4,-0.147
916,1826,5,0.592
917,1826,6,-0.067
918,1826,7,0.12
919,1826,8,-0.694
920,1826,9,-0.913
921,1826,10,-0.769
922,1826,11,0.694
923,1826,12,1.023
924,1827,1,0.977
925,1827,2,0.567
926,1827,3,0.51
927,1827,4,0.937
928,1827,5,0.491
929,1827,6,0.13
930,1827,7,0.277
931,1827,8,-0.249
932,1827,9,-0.757
933,1827,10,-0.711
934,1827,11,0.026
935,1827,12,-0.581
936,1828,1,-1.783
937,1828,2,-1.287
938,1828,3,0.272
939,1828,4,0.3
940,1828,5,0.179
941,1828,6,0.343
942,1828,7,0.177
943,1828,8,-0.237
944,1828,9,-1.909
945,1828,10,-0.641
946,1828,11,-0.286
947,1828,12,-1.331
948,1829,1,-0.826
949,1829,2,-1.507
950,1829,3,-0.371
951,1829,4,-0.606
952,1829,5,0.037
953,1829,6,-0.718
954,1829,7,-0.1
955,1829,8,-0.562
956,1829,9,-1.337
957,1829,10,-0.711
958,1829,11,-0.952
959,1829,12,-0.895
960,1830,1,0.621
961,1830,2,1.018
962,1830,3,-0.648
963,1830,4,0.365
964,1830,5,-1.035
965,1830,6,-0.634
966,1830,7,0.413
967,1830,8,-0.406
968,1830,9,-1.476
969,1830,10,-1.104
970,1830,11,1.535
971,1830,12,0.906
972,1831,1,-0.128
973,1831,2,-0.554
974,1831,3,-0.624
975,1831,4,-0.548
976,1831,5,-0.208
977,1831,6,-0.411
978,1831,7,-0.748
979,1831,8,-1.483
980,1831,9,-1.82
981,1831,10,-1.409
982,1831,11,-1.384
983,1831,12,-1.354
984,1832,1,-0.473
985,1832,2,-1.321
986,1832,3,-0.42
987,1832,4,-0.442
988,1832,5,-0.658
989,1832,6,-0.79
990,1832,7,-0.62
991,1832,8,-1.559
992,1832,9,-1.565
993,1832,10,-0.738
994,1832,11,-1.748
995,1832,12,-2.477
996,1833,1,-0.344
997,1833,2,-0.26
998,1833,3,-0.924
999,1833,4,-0.614
1000,1833,5,-0.556
1001,1833,6,-0.333
1002,1833,7,-0.628
1003,1833,8,-0.588
1004,1833,9,-0.805
1005,1833,10,-1.361
1006,1833,11,0.721
1007,1833,12,-0.411
1008,1834,1,-2.168
1009,1834,2,-0.359
1010,1834,3,0.567
1011,1834,4,-0.293
1012,1834,5,0.073
1013,1834,6,-0.553
1014,1834,7,-0.29
1015,1834,8,-0.506
1016,1834,9,-0.56
1017,1834,10,-0.738
1018,1834,11,0.562
1019,1834,12,-0.542
1020,1835,1,0.529
1021,1835,2,-0.036
1022,1835,3,-0.805
1023,1835,4,-0.64
1024,1835,5,-0.994
1025,1835,6,-1.303
1026,1835,7,-1.413
1027,1835,8,-1.593
1028,1835,9,-1.957
1029,1835,10,-1.459
1030,1835,11,-1.934
1031,1835,12,-2.185
1032,1836,1,-0.524
1033,1836,2,-0.458
1034,1836,3,0.145
1035,1836,4,-1.194
1036,1836,5,-1.101
1037,1836,6,-0.889
1038,1836,7,-0.836
1039,1836,8,-1.46
1040,1836,9,-1.198
1041,1836,10,-0.466
1042,1836,11,-1.992
1043,1836,12,-0.527
1044,1837,1,-0.138
1045,1837,2,-0.37
1046,1837,3,-1.37
1047,1837,4,-2.149
1048,1837,5,-1.375
1049,1837,6,-1.226
1050,1837,7,-0.971
1051,1837,8,-0.714
1052,1837,9,-1.143
1053,1837,10,-1.584
1054,1837,11,-1.619
1055,1837,12,-1.037
1056,1838,1,-3.06
1057,1838,2,-1.422
1058,1838,3,-1.546
1059,1838,4,-0.975
1060,1838,5,-1.265
1061,1838,6,-0.577
1062,1838,7,-0.02
1063,1838,8,-0.276
1064,1838,9,-0.828
1065,1838,10,-0.612
1066,1838,11,-0.75
1067,1838,12,-0.866
1068,1839,1,-0.106
1069,1839,2,0.549
1070,1839,3,-2.487
1071,1839,4,-0.422
1072,1839,5,-0.814
1073,1839,6,-0.608
1074,1839,7,0.188
1075,1839,8,0.326
1076,1839,9,-0.995
1077,1839,10,-1.026
1078,1839,11,-1.911
1079,1839,12,-2.299
1080,1840,1,0.39
1081,1840,2,-0.865
1082,1840,3,-1.142
1083,1840,4,-0.517
1084,1840,5,-0.038
1085,1840,6,-0.132
1086,1840,7,0.235
1087,1840,8,-0.778
1088,1840,9,-0.982
1089,1840,10,-1.733
1090,1840,11,-1.903
1091,1840,12,-1.626
1092,1841,1,-1.718
1093,1841,2,-0.5
1094,1841,3,-1.946
1095,1841,4,-1.632
1096,1841,5,-0.578
1097,1841,6,-0.492
1098,1841,7,0.116
1099,1841,8,-0.258
1100,1841,9,-1.165
1101,1841,10,-0.636
1102,1841,11,-1.416
1103,1841,12,-1.088
1104,1842,1,-0.73
1105,1842,2,-0.187
1106,1842,3,0.542
1107,1842,4,-0.177
1108,1842,5,-0.708
1109,1842,6,-0.851
1110,1842,7,-0.767
1111,1842,8,-0.654
1112,1842,9,-1.116
1113,1842,10,-0.932
1114,1842,11,-1.154
1115,1842,12,0.169
1116,1843,1,0.678
1117,1843,2,0.924
1118,1843,3,-0.417
1119,1843,4,-0.607
1120,1843,5,-1.305
1121,1843,6,-1.065
1122,1843,7,-0.548
1123,1843,8,-0.682
1124,1843,9,-0.864
1125,1843,10,-0.611
1126,1843,11,-1.131
1127,1843,12,0.243
1128,1844,1,-0.519
1129,1844,2,-0.967
1130,1844,3,-0.494
1131,1844,4,-1.049
1132,1844,5,-1.188
1133,1844,6,-0.722
1134,1844,7,-0.565
1135,1844,8,-0.892
1136,1844,9,-1.163
1137,1844,10,-0.637
1138,1844,11,-1.72
1139,1844,12,-1.832
1140,1845,1,0.029
1141,1845,2,-1.612
1142,1845,3,-0.799
1143,1845,4,-0.338
1144,1845,5,-0.833
1145,1845,6,-0.69
1146,1845,7,-0.157
1147,1845,8,-0.396
1148,1845,9,-0.868
1149,1845,10,-1.599
1150,1845,11,-0.948
1151,1845,12,-2.02
1152,1846,1,0.775
1153,1846,2,0.337
1154,1846,3,1.128
1155,1846,4,-0.891
1156,1846,5,-0.304
1157,1846,6,-0.003
1158,1846,7,0.464
1159,1846,8,0.246
1160,1846,9,-0.294
1161,1846,10,-1.101
1162,1846,11,-0.91
1163,1846,12,-0.044
1164,1847,1,0.207
1165,1847,2,0.472
1166,1847,3,-1.283
1167,1847,4,-0.403
1168,1847,5,-0.64
1169,1847,6,-0.596
1170,1847,7,-0.174
1171,1847,8,-0.534
1172,1847,9,-0.514
1173,1847,10,-0.715
1174,1847,11,-0.412
1175,1847,12,-1.941
1176,1848,1,-2.042
1177,1848,2,0.686
1178,1848,3,-0.508
1179,1848,4,-0.371
1180,1848,5,-0.654
1181,1848,6,-0.289
1182,1848,7,0.023
1183,1848,8,-0.584
1184,1848,9,-1.038
1185,1848,10,-0.603
1186,1848,11,-0.767
1187,1848,12,-1.593
1188,1849,1,-0.661
1189,1849,2,-0.519
1190,1849,3,0.079
1191,1849,4,-1.25
1192,1849,5,-1.123
1193,1849,6,-0.512
1194,1849,7,-0.017
1195,1849,8,-0.344
1196,1849,9,-0.953
1197,1849,10,-0.445
1198,1849,11,-0.171
1199,1849,12,-1.778
1200,1850,1,-1.878
1201,1850,2,-0.027
1202,1850,3,-0.398
1203,1850,4,-1.18
1204,1850,5,-1.213
1205,1850,6,-0.354
1206,1850,7,0.138
1207,1850,8,0.146
1208,1850,9,-0.577
1209,1850,10,-1.302
1210,1850,11,-1.382
1211,1850,12,-0.86
1212,1851,1,-0.092
1213,1851,2,-0.611
1214,1851,3,-1.103
1215,1851,4,-1.112
1216,1851,5,-0.21
1217,1851,6,-0.172
1218,1851,7,0.098
1219,1851,8,-0.209
1220,1851,9,-0.402
1221,1851,10,-0.258
1222,1851,11,-1.174
1223,1851,12,-0.592
1224,1852,1,-0.288
1225,1852,2,-0.739
1226,1852,3,-1.56
1227,1852,4,-0.952
1228,1852,5,-0.07
1229,1852,6,-0.378
1230,1852,7,-0.021
1231,1852,8,-0.725
1232,1852,9,-0.576
1233,1852,10,-0.404
1234,1852,11,-1.481
1235,1852,12,0.069
1236,1853,1,-0.851
1237,1853,2,-0.996
1238,1853,3,-1.242
1239,1853,4,-0.777
1240,1853,5,-0.3
1241,1853,6,-0.086
1242,1853,7,0.322
1243,1853,8,0.116
1244,1853,9,-0.454
1245,1853,10,-0.739
1246,1853,11,-1.355
1247,1853,12,-0.769
1248,1854,1,-1.408
1249,1854,2,-1.286
1250,1854,3,-0.448
1251,1854,4,-0.734
1252,1854,5,-0.187
1253,1854,6,-0.689
1254,1854,7,0.254
1255,1854,8,-0.031
1256,1854,9,-0.459
1257,1854,10,0.55
1258,1854,11,-0.234
1259,1854,12,-0.134
1260,1855,1,0.138
1261,1855,2,-0.109
1262,1855,3,-0.559
1263,1855,4,0.265
1264,1855,5,0.042
1265,1855,6,-0.386
1266,1855,7,-0.515
1267,1855,8,-0.339
1268,1855,9,-0.817
1269,1855,10,-0.791
1270,1855,11,-0.839
1271,1855,12,-1.644
1272,1856,1,0.169
1273,1856,2,-0.918
1274,1856,3,-0.837
1275,1856,4,-0.51
1276,1856,5,-0.534
1277,1856,6,0.153
1278,1856,7,-0.119
1279,1856,8,-0.761
1280,1856,9,-1.094
1281,1856,10,-1.208
1282,1856,11,-0.775
1283,1856,12,-0.372
1284,1857,1,-0.8
1285,1857,2,-0.897
1286,1857,3,-0.825
1287,1857,4,-1.543
1288,1857,5,-1.354
1289,1857,6,-0.783
1290,1857,7,-0.399
1291,1857,8,-0.541
1292,1857,9,-0.784
1293,1857,10,-1.028
1294,1857,11,-0.74
1295,1857,12,-0.127
1296,1858,1,-0.052
1297,1858,2,-0.956
1298,1858,3,-0.373
1299,1858,4,-0.065
1300,1858,5,-0.28
1301,1858,6,-0.075
1302,1858,7,-0.356
1303,1858,8,-0.45
1304,1858,9,-0.745
1305,1858,10,-0.452
1306,1858,11,-0.058
1307,1858,12,-1.198
1308,1859,1,-0.628
1309,1859,2,-0.503
1310,1859,3,-0.304
1311,1859,4,0.312
1312,1859,5,0.361
1313,1859,6,0.057
1314,1859,7,-0.221
1315,1859,8,-0.41
1316,1859,9,-0.786
1317,1859,10,-0.286
1318,1859,11,-0.112
1319,1859,12,-0.376
1320,1860,1,-0.775
1321,1860,2,-0.648
1322,1860,3,-1.81
1323,1860,4,-0.488
1324,1860,5,-0.128
1325,1860,6,-0.009
1326,1860,7,-0.005
1327,1860,8,0.111
1328,1860,9,-0.149
1329,1860,10,-0.58
1330,1860,11,-1.062
1331,1860,12,-2.1
1332,1861,1,-2.158
1333,1861,2,-0.934
1334,1861,3,-0.763
1335,1861,4,-0.811
1336,1861,5,-0.691
1337,1861,6,-0.325
1338,1861,7,-0.167
1339,1861,8,0.04
1340,1861,9,-0.598
1341,1861,10,-0.955
1342,1861,11,-0.181
1343,1861,12,-0.783
1344,1862,1,-2.114
1345,1862,2,-1.566
1346,1862,3,-0.98
1347,1862,4,-1.188
1348,1862,5,-0.32
1349,1862,6,-0.459
1350,1862,7,-0.29
1351,1862,8,-0.638
1352,1862,9,-0.906
1353,1862,10,-1.051
1354,1862,11,-1.209
1355,1862,12,-2.085
1356,1863,1,0.361
1357,1863,2,0.196
1358,1863,3,-0.539
1359,1863,4,-0.275
1360,1863,5,0.016
1361,1863,6,-0.283
1362,1863,7,-0.411
1363,1863,8,-0.586
1364,1863,9,-0.928
1365,1863,10,-1.201
1366,1863,11,-0.582
1367,1863,12,-0.974
1368,1864,1,-1.11
1369,1864,2,-0.555
1370,1864,3,-0.576
1371,1864,4,-0.823
1372,1864,5,-0.104
1373,1864,6,0.048
1374,1864,7,-0.038
1375,1864,8,-0.361
1376,1864,9,-0.632
1377,1864,10,-0.616
1378,1864,11,-0.919
1379,1864,12,-1.554
1380,1865,1,0.259
1381,1865,2,-1.005
1382,1865,3,-1.185
1383,1865,4,-0.964
1384,1865,5,-0.308
1385,1865,6,-0.229
1386,1865,7,-0.0
1387,1865,8,-0.109
1388,1865,9,-0.184
1389,1865,10,-0.157
1390,1865,11,0.159
1391,1865,12,-0.996
1392,1866,1,0.31
1393,1866,2,-0.95
1394,1866,3,-0.843
1395,1866,4,-0.527
1396,1866,5,-0.335
1397,1866,6,-0.511
1398,1866,7,0.444
1399,1866,8,-0.243
1400,1866,9,-0.327
1401,1866,10,-0.701
1402,1866,11,-0.015
1403,1866,12,0.357
1404,1867,1,-0.218
1405,1867,2,-0.599
1406,1867,3,-0.724
1407,1867,4,-0.202
1408,1867,5,-0.688
1409,1867,6,0.028
1410,1867,7,0.139
1411,1867,8,-0.055
1412,1867,9,-0.078
1413,1867,10,-0.023
1414,1867,11,0.938
1415,1867,12,-0.027
1416,1868,1,-0.904
1417,1868,2,-1.383
1418,1868,3,-0.703
1419,1868,4,-0.277
1420,1868,5,-0.017
1421,1868,6,-0.049
1422,1868,7,0.364
1423,1868,8,0.038
1424,1868,9,-0.479
1425,1868,10,0.042
1426,1868,11,-0.938
1427,1868,12,-0.521
1428,1869,1,-0.454
1429,1869,2,0.278
1430,1869,3,-0.885
1431,1869,4,-0.419
1432,1869,5,0.064
1433,1869,6,0.187
1434,1869,7,0.196
1435,1869,8,0.207
1436,1869,9,0.359
1437,1869,10,-0.336
1438,1869,11,-0.274
1439,1869,12,-0.992
1440,1870,1,-0.702
1441,1870,2,-1.178
1442,1870,3,-0.714
1443,1870,4,-0.525
1444,1870,5,-0.018
1445,1870,6,0.371
1446,1870,7,0.328
1447,1870,8,-0.274
1448,1870,9,-0.02
1449,1870,10,-0.525
1450,1870,11,-0.51
1451,1870,12,-1.569
1452,1871,1,-1.407
1453,1871,2,-1.526
1454,1871,3,-0.541
1455,1871,4,-0.006
1456,1871,5,-0.414
1457,1871,6,-0.235
1458,1871,7,0.056
1459,1871,8,0.118
1460,1871,9,-0.417
1461,1871,10,-0.269
1462,1871,11,-1.194
1463,1871,12,-0.926
1464,1872,1,-1.06
1465,1872,2,-0.84
1466,1872,3,-0.459
1467,1872,4,-0.596
1468,1872,5,-0.069
1469,1872,6,-0.27
1470,1872,7,0.059
1471,1872,8,0.058
1472,1872,9,-0.135
1473,1872,10,-0.248
1474,1872,11,-0.886
1475,1872,12,-1.342
1476,1873,1,-0.811
1477,1873,2,-0.073
1478,1873,3,-0.471
1479,1873,4,-0.964
1480,1873,5,-0.228
1481,1873,6,0.048
1482,1873,7,0.053
1483,1873,8,0.009
1484,1873,9,-0.478
1485,1873,10,-0.173
1486,1873,11,-0.423
1487,1873,12,-0.223
1488,1874,1,-0.095
1489,1874,2,-0.088
1490,1874,3,-1.1
1491,1874,4,-0.227
1492,1874,5,0.289
1493,1874,6,-0.029
1494,1874,7,-0.115
1495,1874,8,0.032
1496,1874,9,0.145
1497,1874,10,-0.166
1498,1874,11,-0.407
1499,1874,12,-0.462
1500,1875,1,-1.11
1501,1875,2,-0.749
1502,1875,3,-0.951
1503,1875,4,-0.815
1504,1875,5,-0.427
1505,1875,6,-0.135
1506,1875,7,-0.077
1507,1875,8,-0.401
1508,1875,9,-0.707
1509,1875,10,-0.665
1510,1875,11,-1.442
1511,1875,12,-1.006
1512,1876,1,-0.668
1513,1876,2,-0.444
1514,1876,3,-0.392
1515,1876,4,-0.123
1516,1876,5,-0.502
1517,1876,6,-0.188
1518,1876,7,0.053
1519,1876,8,-0.3
1520,1876,9,-0.241
1521,1876,10,-0.315
1522,1876,11,-0.936
1523,1876,12,-1.616
1524,1877,1,-0.401
1525,1877,2,-0.273
1526,1877,3,0.125
1527,1877,4,-0.354
1528,1877,5,-0.048
1529,1877,6,-0.04
1530,1877,7,0.421
1531,1877,8,0.397
1532,1877,9,0.17
1533,1877,10,0.007
1534,1877,11,0.244
1535,1877,12,-0.902
1536,1878,1,-0.673
1537,1878,2,0.686
1538,1878,3,1.502
1539,1878,4,0.597
1540,1878,5,-0.149
1541,1878,6,0.484
1542,1878,7,0.63
1543,1878,8,0.4
1544,1878,9,0.199
1545,1878,10,-0.037
1546,1878,11,0.388
1547,1878,12,-0.338
1548,1879,1,-0.301
1549,1879,2,-0.449
1550,1879,3,-0.202
1551,1879,4,-0.593
1552,1879,5,-0.361
1553,1879,6,-0.134
1554,1879,7,-0.019
1555,1879,8,-0.485
1556,1879,9,-0.521
1557,1879,10,0.011
1558,1879,11,-0.55
1559,1879,12,-1.212
1560,1880,1,-0.827
1561,1880,2,-1.239
1562,1880,3,-0.733
1563,1880,4,-0.873
1564,1880,5,-0.184
1565,1880,6,-0.19
1566,1880,7,-0.143
1567,1880,8,-0.064
1568,1880,9,-0.577
1569,1880,10,-0.597
1570,1880,11,-0.218
1571,1880,12,-0.548
1572,1881,1,-0.169
1573,1881,2,-0.55
1574,1881,3,-0.179
1575,1881,4,0.01
1576,1881,5,0.021
1577,1881,6,-0.627
1578,1881,7,-0.101
1579,1881,8,0.006
1580,1881,9,-0.266
1581,1881,10,-0.445
1582,1881,11,-0.715
1583,1881,12,-0.459
1584,1882,1,0.46
1585,1882,2,0.102
1586,1882,3,-0.199
1587,1882,4,-0.679
1588,1882,5,-0.315
1589,1882,6,-0.549
1590,1882,7,-0.542
1591,1882,8,-0.106
1592,1882,9,-0.212
1593,1882,10,-0.821
1594,1882,11,-1.006
1595,1882,12,-1.506
1596,1883,1,-1.042
1597,1883,2,-1.224
1598,1883,3,-0.182
1599,1883,4,-0.648
1600,1883,5,-0.352
1601,1883,6,0.031
1602,1883,7,-0.247
1603,1883,8,-0.526
1604,1883,9,-0.587
1605,1883,10,-0.281
1606,1883,11,-1.073
1607,1883,12,-0.389
1608,1884,1,-0.382
1609,1884,2,-0.512
1610,1884,3,-1.227
1611,1884,4,-1.128
1612,1884,5,-1.035
1613,1884,6,-0.765
1614,1884,7,-0.611
1615,1884,8,-0.409
1616,1884,9,-0.686
1617,1884,10,-0.756
1618,1884,11,-0.863
1619,1884,12,-0.616
1620,1885,1,-1.442
1621,1885,2,-0.831
1622,1885,3,-0.468
1623,1885,4,-0.879
1624,1885,5,-0.604
1625,1885,6,-0.631
1626,1885,7,-0.197
1627,1885,8,-0.435
1628,1885,9,-0.507
1629,1885,10,-0.501
1630,1885,11,-0.671
1631,1885,12,0.016
1632,1886,1,-1.163
1633,1886,2,-1.332
1634,1886,3,-0.92
1635,1886,4,-0.406
1636,1886,5,-0.443
1637,1886,6,-0.538
1638,1886,7,-0.018
1639,1886,8,-0.472
1640,1886,9,-0.385
1641,1886,10,-0.727
1642,1886,11,-0.811
1643,1886,12,-0.147
1644,1887,1,-1.71
1645,1887,2,-1.007
1646,1887,3,-0.603
1647,1887,4,-0.512
1648,1887,5,-0.379
1649,1887,6,-0.537
1650,1887,7,-0.207
1651,1887,8,-0.729
1652,1887,9,-0.245
1653,1887,10,-0.599
1654,1887,11,-0.432
1655,1887,12,-0.812
1656,1888,1,-0.705
1657,1888,2,-0.984
1658,1888,3,-0.777
1659,1888,4,-0.484
1660,1888,5,-0.517
1661,1888,6,-0.443
1662,1888,7,-0.008
1663,1888,8,-0.228
1664,1888,9,-0.222
1665,1888,10,-0.113
1666,1888,11,-0.198
1667,1888,12,-0.339
1668,1889,1,-0.723
1669,1889,2,0.435
1670,1889,3,0.175
1671,1889,4,0.26
1672,1889,5,0.008
1673,1889,6,-0.016
1674,1889,7,0.009
1675,1889,8,-0.316
1676,1889,9,-0.385
1677,1889,10,-0.52
1678,1889,11,-0.992
1679,1889,12,-0.567
1680,1890,1,-0.748
1681,1890,2,-0.653
1682,1890,3,-0.944
1683,1890,4,-0.53
1684,1890,5,-0.759
1685,1890,6,-0.514
1686,1890,7,-0.25
1687,1890,8,-0.511
1688,1890,9,-0.409
1689,1890,10,-0.126
1690,1890,11,-1.063
1691,1890,12,-0.748
1692,1891,1,-0.942
1693,1891,2,-1.268
1694,1891,3,-0.388
1695,1891,4,-0.684
1696,1891,5,-0.381
1697,1891,6,-0.478
1698,1891,7,-0.313
1699,1891,8,-0.299
1700,1891,9,-0.263
1701,1891,10,-0.617
1702,1891,11,-0.903
1703,1891,12,-0.05
1704,1892,1,-0.635
1705,1892,2,-0.381
1706,1892,3,-0.871
1707,1892,4,-0.763
1708,1892,5,-0.509
1709,1892,6,-0.087
1710,1892,7,-0.341
1711,1892,8,-0.362
1712,1892,9,-0.312
1713,1892,10,-0.073
1714,1892,11,-1.131
1715,1892,12,-0.783
1716,1893,1,-2.075
1717,1893,2,-1.475
1718,1893,3,-0.219
1719,1893,4,-0.34
1720,1893,5,-0.439
1721,1893,6,-0.258
1722,1893,7,0.085
1723,1893,8,-0.307
1724,1893,9,-0.216
1725,1893,10,-0.186
1726,1893,11,-0.202
1727,1893,12,-0.601
1728,1894,1,-0.912
1729,1894,2,-0.312
1730,1894,3,-0.12
1731,1894,4,-0.66
1732,1894,5,-0.219
1733,1894,6,-0.486
1734,1894,7,-0.164
1735,1894,8,-0.213
1736,1894,9,-0.365
1737,1894,10,-0.168
1738,1894,11,-0.559
1739,1894,12,-0.519
1740,1895,1,-1.277
1741,1895,2,-1.061
1742,1895,3,-0.536
1743,1895,4,-0.128
1744,1895,5,-0.255
1745,1895,6,-0.251
1746,1895,7,-0.084
1747,1895,8,-0.237
1748,1895,9,-0.192
1749,1895,10,-0.192
1750,1895,11,-0.201
1751,1895,12,-0.241
1752,1896,1,-0.287
1753,1896,2,-0.399
1754,1896,3,-0.923
1755,1896,4,-1.002
1756,1896,5,-0.31
1757,1896,6,-0.026
1758,1896,7,0.009
1759,1896,8,-0.107
1760,1896,9,-0.155
1761,1896,10,0.155
1762,1896,11,-0.68
1763,1896,12,-0.371
1764,1897,1,-0.623
1765,1897,2,-0.651
1766,1897,3,-0.85
1767,1897,4,-0.054
1768,1897,5,0.21
1769,1897,6,-0.057
1770,1897,7,0.013
1771,1897,8,-0.123
1772,1897,9,-0.045
1773,1897,10,-0.044
1774,1897,11,-0.309
1775,1897,12,-0.433
1776,1898,1,0.196
1777,1898,2,-0.747
1778,1898,3,-1.429
1779,1898,4,-0.474
1780,1898,5,-0.379
1781,1898,6,0.051
1782,1898,7,-0.184
1783,1898,8,-0.221
1784,1898,9,-0.244
1785,1898,10,-0.506
1786,1898,11,-0.547
1787,1898,12,-0.219
1788,1899,1,0.002
1789,1899,2,-0.725
1790,1899,3,-0.563
1791,1899,4,-0.006
1792,1899,5,-0.098
1793,1899,6,-0.358
1794,1899,7,-0.043
1795,1899,8,-0.023
1796,1899,9,0.145
1797,1899,10,0.055
1798,1899,11,0.536
1799,1899,12,-0.644
1800,1900,1,-1.018
1801,1900,2,0.013
1802,1900,3,0.298
1803,1900,4,-0.107
1804,1900,5,0.277
1805,1900,6,0.029
1806,1900,7,-0.042
1807,1900,8,0.034
1808,1900,9,-0.001
1809,1900,10,0.393
1810,1900,11,-0.218
1811,1900,12,0.027
1812,1901,1,-0.42
1813,1901,2,-0.004
1814,1901,3,0.434
1815,1901,4,0.227
1816,1901,5,-0.012
1817,1901,6,0.063
1818,1901,7,0.087
1819,1901,8,0.055
1820,1901,9,-0.031
1821,1901,10,-0.287
1822,1901,11,-0.073
1823,1901,12,-0.297
1824,1902,1,0.049
1825,1902,2,0.47
1826,1902,3,-0.319
1827,1902,4,-0.356
1828,1902,5,-0.296
1829,1902,6,-0.112
1830,1902,7,-0.042
1831,1902,8,-0.222
1832,1902,9,-0.248
1833,1902,10,-0.518
1834,1902,11,-0.773
1835,1902,12,-0.948
1836,1903,1,-0.099
1837,1903,2,0.352
1838,1903,3,-0.225
1839,1903,4,-0.461
1840,1903,5,-0.399
1841,1903,6,-0.488
1842,1903,7,-0.279
1843,1903,8,-0.372
1844,1903,9,-0.542
1845,1903,10,-0.493
1846,1903,11,-0.46
1847,1903,12,-0.746
1848,1904,1,-0.87
1849,1904,2,-0.8
1850,1904,3,-0.649
1851,1904,4,-0.635
1852,1904,5,-0.353
1853,1904,6,-0.378
1854,1904,7,-0.461
1855,1904,8,-0.342
1856,1904,9,-0.643
1857,1904,10,-0.549
1858,1904,11,0.172
1859,1904,12,-0.329
1860,1905,1,-0.291
1861,1905,2,-1.152
1862,1905,3,-0.46
1863,1905,4,-0.544
1864,1905,5,-0.192
1865,1905,6,-0.212
1866,1905,7,-0.169
1867,1905,8,-0.188
1868,1905,9,-0.247
1869,1905,10,-0.319
1870,1905,11,0.124
1871,1905,12,-0.287
1872,1906,1,-0.518
1873,1906,2,-0.749
1874,1906,3,-0.248
1875,1906,4,0.314
1876,1906,5,0.052
1877,1906,6,-0.001
1878,1906,7,-0.12
1879,1906,8,-0.082
1880,1906,9,-0.243
1881,1906,10,-0.052
1882,1906,11,-0.489
1883,1906,12,0.074
1884,1907,1,-0.763
1885,1907,2,-0.941
1886,1907,3,-0.539
1887,1907,4,-0.681
1888,1907,5,-0.808
1889,1907,6,-0.625
1890,1907,7,-0.477
1891,1907,8,-0.398
1892,1907,9,-0.329
1893,1907,10,-0.066
1894,1907,11,-0.771
1895,1907,12,-0.664
1896,1908,1,-0.323
1897,1908,2,-0.244
1898,1908,3,-0.963
1899,1908,4,-0.464
1900,1908,5,-0.052
1901,1908,6,-0.076
1902,1908,7,-0.071
1903,1908,8,-0.384
1904,1908,9,-0.037
1905,1908,10,-0.449
1906,1908,11,-0.782
1907,1908,12,-0.627
1908,1909,1,-1.246
1909,1909,2,-0.433
1910,1909,3,-0.547
1911,1909,4,-0.726
1912,1909,5,-0.559
1913,1909,6,-0.383
1914,1909,7,-0.191
1915,1909,8,-0.017
1916,1909,9,-0.096
1917,1909,10,-0.14
1918,1909,11,0.205
1919,1909,12,-0.446
1920,1910,1,-0.208
1921,1910,2,-0.316
1922,1910,3,-0.51
1923,1910,4,-0.197
1924,1910,5,-0.204
1925,1910,6,-0.242
1926,1910,7,0.001
1927,1910,8,-0.082
1928,1910,9,-0.262
1929,1910,10,-0.318
1930,1910,11,-0.727
1931,1910,12,-1.023
1932,1911,1,-0.996
1933,1911,2,-0.692
1934,1911,3,-0.782
1935,1911,4,-0.326
1936,1911,5,-0.396
1937,1911,6,-0.298
1938,1911,7,-0.215
1939,1911,8,-0.312
1940,1911,9,-0.386
1941,1911,10,-0.078
1942,1911,11,-0.104
1943,1911,12,-0.277
1944,1912,1,-0.239
1945,1912,2,0.109
1946,1912,3,-0.843
1947,1912,4,-0.088
1948,1912,5,0.037
1949,1912,6,0.099
1950,1912,7,-0.521
1951,1912,8,-0.682
1952,1912,9,-0.79
1953,1912,10,-0.983
1954,1912,11,-0.506
1955,1912,12,-0.656
1956,1913,1,-0.568
1957,1913,2,-0.784
1958,1913,3,-0.658
1959,1913,4,-0.332
1960,1913,5,-0.484
1961,1913,6,-0.371
1962,1913,7,-0.122
1963,1913,8,-0.062
1964,1913,9,-0.249
1965,1913,10,-0.266
1966,1913,11,0.004
1967,1913,12,0.415
1968,1914,1,0.752
1969,1914,2,0.091
1970,1914,3,-0.222
1971,1914,4,-0.265
1972,1914,5,0.097
1973,1914,6,0.13
1974,1914,7,0.037
1975,1914,8,-0.058
1976,1914,9,-0.088
1977,1914,10,0.091
1978,1914,11,-0.252
1979,1914,12,-0.078
1980,1915,1,-0.344
1981,1915,2,0.125
1982,1915,3,-0.051
1983,1915,4,0.35
1984,1915,5,0.247
1985,1915,6,-0.086
1986,1915,7,0.117
1987,1915,8,-0.051
1988,1915,9,-0.19
1989,1915,10,-0.363
1990,1915,11,0.152
1991,1915,12,-0.128
1992,1916,1,-0.049
1993,1916,2,-0.153
1994,1916,3,-0.335
1995,1916,4,-0.28
1996,1916,5,-0.248
1997,1916,6,-0.471
1998,1916,7,-0.248
1999,1916,8,-0.221
2000,1916,9,-0.307
2001,1916,10,-0.304
2002,1916,11,-0.452
2003,1916,12,-1.363
2004,1917,1,-0.513
2005,1917,2,-0.842
2006,1917,3,-0.747
2007,1917,4,-0.529
2008,1917,5,-0.809
2009,1917,6,-0.517
2010,1917,7,-0.059
2011,1917,8,-0.331
2012,1917,9,-0.298
2013,1917,10,-0.778
2014,1917,11,-0.225
2015,1917,12,-1.433
2016,1918,1,-0.708
2017,1918,2,-0.669
2018,1918,3,-0.358
2019,1918,4,-0.711
2020,1918,5,-0.732
2021,1918,6,-0.448
2022,1918,7,-0.295
2023,1918,8,-0.392
2024,1918,9,-0.15
2025,1918,10,0.079
2026,1918,11,-0.35
2027,1918,12,-0.881
2028,1919,1,-0.45
2029,1919,2,-0.313
2030,1919,3,-0.478
2031,1919,4,0.116
2032,1919,5,-0.263
2033,1919,6,-0.164
2034,1919,7,-0.009
2035,1919,8,-0.04
2036,1919,9,-0.065
2037,1919,10,0.004
2038,1919,11,-0.559
2039,1919,12,-0.493
2040,1920,1,0.215
2041,1920,2,-0.439
2042,1920,3,0.038
2043,1920,4,-0.061
2044,1920,5,-0.117
2045,1920,6,-0.305
2046,1920,7,-0.052
2047,1920,8,-0.17
2048,1920,9,-0.257
2049,1920,10,-0.331
2050,1920,11,-0.519
2051,1920,12,-1.093
2052,1921,1,0.338
2053,1921,2,-0.01
2054,1921,3,-0.159
2055,1921,4,-0.058
2056,1921,5,-0.035
2057,1921,6,0.041
2058,1921,7,0.106
2059,1921,8,-0.311
2060,1921,9,-0.163
2061,1921,10,-0.082
2062,1921,11,-0.206
2063,1921,12,-0.06
2064,1922,1,-0.502
2065,1922,2,-0.801
2066,1922,3,-0.04
2067,1922,4,0.027
2068,1922,5,-0.164
2069,1922,6,-0.088
2070,1922,7,-0.063
2071,1922,8,-0.301
2072,1922,9,-0.315
2073,1922,10,-0.309
2074,1922,11,-0.022
2075,1922,12,-0.063
2076,1923,1,-0.124
2077,1923,2,-0.608
2078,1923,3,-0.344
2079,1923,4,-0.615
2080,1923,5,-0.398
2081,1923,6,-0.17
2082,1923,7,-0.372
2083,1923,8,-0.278
2084,1923,9,-0.194
2085,1923,10,0.128
2086,1923,11,0.298
2087,1923,12,0.168
2088,1924,1,-0.33
2089,1924,2,-0.271
2090,1924,3,0.131
2091,1924,4,-0.426
2092,1924,5,-0.1
2093,1924,6,-0.116
2094,1924,7,-0.039
2095,1924,8,-0.235
2096,1924,9,-0.135
2097,1924,10,-0.178
2098,1924,11,0.319
2099,1924,12,-0.269
2100,1925,1,-0.368
2101,1925,2,-0.498
2102,1925,3,-0.15
2103,1925,4,0.026
2104,1925,5,-0.241
2105,1925,6,-0.37
2106,1925,7,-0.282
2107,1925,8,-0.093
2108,1925,9,-0.097
2109,1925,10,-0.194
2110,1925,11,0.273
2111,1925,12,0.62
2112,1926,1,0.795
2113,1926,2,0.514
2114,1926,3,0.573
2115,1926,4,-0.193
2116,1926,5,-0.368
2117,1926,6,-0.213
2118,1926,7,-0.187
2119,1926,8,-0.007
2120,1926,9,0.011
2121,1926,10,0.163
2122,1926,11,0.191
2123,1926,12,-0.437
2124,1927,1,-0.373
2125,1927,2,-0.227
2126,1927,3,-0.602
2127,1927,4,-0.36
2128,1927,5,-0.147
2129,1927,6,-0.203
2130,1927,7,-0.059
2131,1927,8,-0.179
2132,1927,9,0.161
2133,1927,10,0.503
2134,1927,11,0.22
2135,1927,12,-0.553
2136,1928,1,0.284
2137,1928,2,0.133
2138,1928,3,-0.302
2139,1928,4,-0.187
2140,1928,5,-0.147
2141,1928,6,-0.376
2142,1928,7,-0.068
2143,1928,8,-0.171
2144,1928,9,-0.06
2145,1928,10,0.069
2146,1928,11,0.216
2147,1928,12,0.083
2148,1929,1,-0.682
2149,1929,2,-1.084
2150,1929,3,-0.18
2151,1929,4,-0.378
2152,1929,5,-0.419
2153,1929,6,-0.565
2154,1929,7,-0.44
2155,1929,8,-0.229
2156,1929,9,-0.291
2157,1929,10,0.034
2158,1929,11,0.016
2159,1929,12,-1.268
2160,1930,1,-0.387
2161,1930,2,-0.113
2162,1930,3,0.248
2163,1930,4,-0.303
2164,1930,5,-0.275
2165,1930,6,-0.167
2166,1930,7,0.079
2167,1930,8,0.032
2168,1930,9,-0.23
2169,1930,10,-0.157
2170,1930,11,0.429
2171,1930,12,-0.01
2172,1931,1,-0.031
2173,1931,2,-0.527
2174,1931,3,-0.019
2175,1931,4,-0.301
2176,1931,5,-0.337
2177,1931,6,0.075
2178,1931,7,0.218
2179,1931,8,0.228
2180,1931,9,0.203
2181,1931,10,0.536
2182,1931,11,0.114
2183,1931,12,0.2
2184,1932,1,0.868
2185,1932,2,-0.266
2186,1932,3,-0.347
2187,1932,4,0.302
2188,1932,5,-0.103
2189,1932,6,-0.112
2190,1932,7,0.019
2191,1932,8,-0.138
2192,1932,9,0.225
2193,1932,10,0.277
2194,1932,11,-0.246
2195,1932,12,-0.301
2196,1933,1,-0.578
2197,1933,2,-0.603
2198,1933,3,-0.43
2199,1933,4,-0.353
2200,1933,5,-0.284
2201,1933,6,-0.367
2202,1933,7,-0.108
2203,1933,8,-0.102
2204,1933,9,-0.224
2205,1933,10,-0.16
2206,1933,11,-0.249
2207,1933,12,-0.674
2208,1934,1,-0.297
2209,1934,2,0.423
2210,1934,3,-0.52
2211,1934,4,-0.46
2212,1934,5,0.169
2213,1934,6,-0.072
2214,1934,7,-0.004
2215,1934,8,-0.109
2216,1934,9,-0.334
2217,1934,10,0.02
2218,1934,11,0.239
2219,1934,12,0.139
2220,1935,1,-0.58
2221,1935,2,0.844
2222,1935,3,0.083
2223,1935,4,-0.708
2224,1935,5,-0.437
2225,1935,6,-0.183
2226,1935,7,-0.044
2227,1935,8,-0.106
2228,1935,9,-0.096
2229,1935,10,0.085
2230,1935,11,-0.683
2231,1935,12,-0.409
2232,1936,1,-0.524
2233,1936,2,-0.761
2234,1936,3,-0.282
2235,1936,4,-0.343
2236,1936,5,-0.084
2237,1936,6,-0.131
2238,1936,7,0.255
2239,1936,8,-0.029
2240,1936,9,-0.072
2241,1936,10,0.062
2242,1936,11,0.097
2243,1936,12,0.092
2244,1937,1,-0.294
2245,1937,2,0.289
2246,1937,3,-0.43
2247,1937,4,-0.32
2248,1937,5,0.082
2249,1937,6,0.126
2250,1937,7,0.028
2251,1937,8,0.137
2252,1937,9,0.316
2253,1937,10,0.32
2254,1937,11,0.221
2255,1937,12,-0.346
2256,1938,1,0.147
2257,1938,2,0.155
2258,1938,3,0.376
2259,1938,4,0.464
2260,1938,5,0.158
2261,1938,6,-0.158
2262,1938,7,0.106
2263,1938,8,0.096
2264,1938,9,0.343
2265,1938,10,0.378
2266,1938,11,0.406
2267,1938,12,-0.301
2268,1939,1,0.204
2269,1939,2,-0.002
2270,1939,3,-0.353
2271,1939,4,-0.116
2272,1939,5,0.216
2273,1939,6,0.078
2274,1939,7,0.069
2275,1939,8,0.081
2276,1939,9,-0.112
2277,1939,10,-0.166
2278,1939,11,0.043
2279,1939,12,1.123
2280,1940,1,-0.406
2281,1940,2,0.138
2282,1940,3,0.089
2283,1940,4,0.261
2284,1940,5,0.003
2285,1940,6,0.117
2286,1940,7,0.269
2287,1940,8,0.002
2288,1940,9,0.219
2289,1940,10,0.075
2290,1940,11,-0.056
2291,1940,12,0.302
2292,1941,1,-0.005
2293,1941,2,0.36
2294,1941,3,-0.103
2295,1941,4,0.08
2296,1941,5,0.162
2297,1941,6,0.143
2298,1941,7,0.322
2299,1941,8,0.15
2300,1941,9,-0.261
2301,1941,10,0.295
2302,1941,11,-0.194
2303,1941,12,-0.144
2304,1942,1,0.355
2305,1942,2,-0.404
2306,1942,3,-0.02
2307,1942,4,-0.039
2308,1942,5,0.0
2309,1942,6,0.088
2310,1942,7,-0.134
2311,1942,8,-0.091
2312,1942,9,0.061
2313,1942,10,0.224
2314,1942,11,0.245
2315,1942,12,0.092
2316,1943,1,-0.369
2317,1943,2,0.254
2318,1943,3,-0.185
2319,1943,4,0.188
2320,1943,5,0.149
2321,1943,6,-0.327
2322,1943,7,0.101
2323,1943,8,-0.086
2324,1943,9,0.008
2325,1943,10,0.504
2326,1943,11,0.107
2327,1943,12,0.417
2328,1944,1,0.775
2329,1944,2,0.297
2330,1944,3,0.208
2331,1944,4,-0.037
2332,1944,5,0.039
2333,1944,6,-0.003
2334,1944,7,0.118
2335,1944,8,0.173
2336,1944,9,0.363
2337,1944,10,0.397
2338,1944,11,-0.048
2339,1944,12,-0.374
2340,1945,1,-0.233
2341,1945,2,-0.629
2342,1945,3,-0.123
2343,1945,4,0.205
2344,1945,5,-0.237
2345,1945,6,-0.151
2346,1945,7,-0.146
2347,1945,8,0.424
2348,1945,9,0.128
2349,1945,10,0.172
2350,1945,11,-0.073
2351,1945,12,-0.672
2352,1946,1,0.244
2353,1946,2,0.187
2354,1946,3,-0.091
2355,1946,4,0.36
2356,1946,5,0.039
2357,1946,6,-0.174
2358,1946,7,0.045
2359,1946,8,-0.051
2360,1946,9,-0.016
2361,1946,10,-0.115
2362,1946,11,0.11
2363,1946,12,-0.642
2364,1947,1,-0.128
2365,1947,2,0.021
2366,1947,3,0.473
2367,1947,4,0.222
2368,1947,5,0.014
2369,1947,6,-0.033
2370,1947,7,-0.001
2371,1947,8,-0.032
2372,1947,9,0.093
2373,1947,10,0.613
2374,1947,11,0.291
2375,1947,12,-0.163
2376,1948,1,0.616
2377,1948,2,-0.062
2378,1948,3,-0.395
2379,1948,4,0.022
2380,1948,5,0.198
2381,1948,6,0.181
2382,1948,7,0.072
2383,1948,8,0.013
2384,1948,9,0.067
2385,1948,10,0.18
2386,1948,11,0.067
2387,1948,12,-0.313
2388,1949,1,0.483
2389,1949,2,-0.519
2390,1949,3,-0.268
2391,1949,4,-0.13
2392,1949,5,-0.021
2393,1949,6,-0.267
2394,1949,7,-0.156
2395,1949,8,-0.052
2396,1949,9,-0.14
2397,1949,10,0.131
2398,1949,11,0.01
2399,1949,12,-0.351
2400,1950,1,-0.724
2401,1950,2,-0.545
2402,1950,3,-0.072
2403,1950,4,-0.347
2404,1950,5,-0.038
2405,1950,6,-0.098
2406,1950,7,-0.201
2407,1950,8,-0.407
2408,1950,9,-0.111
2409,1950,10,-0.228
2410,1950,11,-0.717
2411,1950,12,-0.257
2412,1951,1,-0.581
2413,1951,2,-0.909
2414,1951,3,-0.223
2415,1951,4,-0.082
2416,1951,5,0.152
2417,1951,6,-0.225
2418,1951,7,-0.06
2419,1951,8,0.157
2420,1951,9,0.248
2421,1951,10,0.294
2422,1951,11,0.112
2423,1951,12,0.516
2424,1952,1,0.316
2425,1952,2,0.123
2426,1952,3,-0.351
2427,1952,4,0.024
2428,1952,5,0.03
2429,1952,6,0.003
2430,1952,7,0.217
2431,1952,8,0.128
2432,1952,9,0.195
2433,1952,10,-0.234
2434,1952,11,-0.68
2435,1952,12,-0.128
2436,1953,1,0.232
2437,1953,2,0.367
2438,1953,3,0.41
2439,1953,4,0.429
2440,1953,5,0.192
2441,1953,6,0.159
2442,1953,7,0.046
2443,1953,8,0.21
2444,1953,9,0.142
2445,1953,10,0.207
2446,1953,11,-0.19
2447,1953,12,0.195
2448,1954,1,-0.684
2449,1954,2,-0.183
2450,1954,3,-0.19
2451,1954,4,-0.277
2452,1954,5,-0.304
2453,1954,6,-0.057
2454,1954,7,-0.102
2455,1954,8,0.004
2456,1954,9,0.043
2457,1954,10,0.18
2458,1954,11,0.488
2459,1954,12,-0.229
2460,1955,1,0.681
2461,1955,2,-0.1
2462,1955,3,-0.712
2463,1955,4,-0.321
2464,1955,5,-0.117
2465,1955,6,0.097
2466,1955,7,-0.087
2467,1955,8,0.443
2468,1955,9,-0.113
2469,1955,10,0.343
2470,1955,11,-0.134
2471,1955,12,-0.49
2472,1956,1,-0.251
2473,1956,2,-0.479
2474,1956,3,-0.409
2475,1956,4,-0.526
2476,1956,5,-0.591
2477,1956,6,-0.294
2478,1956,7,-0.146
2479,1956,8,-0.676
2480,1956,9,-0.282
2481,1956,10,-0.454
2482,1956,11,-0.379
2483,1956,12,-0.225
2484,1957,1,-0.278
2485,1957,2,-0.175
2486,1957,3,-0.297
2487,1957,4,-0.198
2488,1957,5,-0.095
2489,1957,6,0.224
2490,1957,7,-0.246
2491,1957,8,0.099
2492,1957,9,0.137
2493,1957,10,0.014
2494,1957,11,0.251
2495,1957,12,0.506
2496,1958,1,0.815
2497,1958,2,0.412
2498,1958,3,0.147
2499,1958,4,0.073
2500,1958,5,0.206
2501,1958,6,-0.293
2502,1958,7,0.06
2503,1958,8,-0.282
2504,1958,9,-0.228
2505,1958,10,-0.022
2506,1958,11,0.151
2507,1958,12,0.015
2508,1959,1,0.239
2509,1959,2,0.092
2510,1959,3,0.576
2511,1959,4,0.393
2512,1959,5,0.054
2513,1959,6,0.139
2514,1959,7,0.123
2515,1959,8,0.033
2516,1959,9,-0.121
2517,1959,10,-0.216
2518,1959,11,-0.36
2519,1959,12,-0.031
2520,1960,1,-0.015
2521,1960,2,0.545
2522,1960,3,-1.01
2523,1960,4,-0.35
2524,1960,5,-0.431
2525,1960,6,-0.025
2526,1960,7,-0.142
2527,1960,8,-0.015
2528,1960,9,0.04
2529,1960,10,0.089
2530,1960,11,-0.296
2531,1960,12,0.455
2532,1961,1,0.206
2533,1961,2,0.432
2534,1961,3,0.254
2535,1961,4,0.189
2536,1961,5,0.311
2537,1961,6,0.226
2538,1961,7,-0.031
2539,1961,8,0.022
2540,1961,9,0.165
2541,1961,10,-0.072
2542,1961,11,0.078
2543,1961,12,-0.328
2544,1962,1,0.255
2545,1962,2,0.41
2546,1962,3,0.245
2547,1962,4,0.092
2548,1962,5,-0.179
2549,1962,6,-0.022
2550,1962,7,-0.128
2551,1962,8,-0.149
2552,1962,9,-0.079
2553,1962,10,0.045
2554,1962,11,0.132
2555,1962,12,0.088
2556,1963,1,0.165
2557,1963,2,0.761
2558,1963,3,-0.185
2559,1963,4,-0.273
2560,1963,5,-0.264
2561,1963,6,-0.052
2562,1963,7,0.169
2563,1963,8,0.47
2564,1963,9,0.5
2565,1963,10,0.536
2566,1963,11,0.404
2567,1963,12,-0.063
2568,1964,1,0.075
2569,1964,2,-0.214
2570,1964,3,-0.459
2571,1964,4,-0.567
2572,1964,5,-0.4
2573,1964,6,0.037
2574,1964,7,-0.017
2575,1964,8,-0.19
2576,1964,9,-0.477
2577,1964,10,-0.59
2578,1964,11,-0.159
2579,1964,12,-0.386
2580,1965,1,0.114
2581,1965,2,-0.237
2582,1965,3,-0.116
2583,1965,4,-0.46
2584,1965,5,-0.086
2585,1965,6,-0.142
2586,1965,7,-0.256
2587,1965,8,-0.027
2588,1965,9,-0.349
2589,1965,10,0.116
2590,1965,11,-0.259
2591,1965,12,-0.035
2592,1966,1,-0.251
2593,1966,2,0.041
2594,1966,3,0.266
2595,1966,4,-0.264
2596,1966,5,-0.075
2597,1966,6,0.09
2598,1966,7,0.271
2599,1966,8,-0.068
2600,1966,9,0.1
2601,1966,10,-0.267
2602,1966,11,-0.139
2603,1966,12,-0.421
2604,1967,1,-0.008
2605,1967,2,-0.317
2606,1967,3,0.147
2607,1967,4,-0.019
2608,1967,5,0.355
2609,1967,6,-0.257
2610,1967,7,0.04
2611,1967,8,-0.104
2612,1967,9,0.023
2613,1967,10,0.422
2614,1967,11,0.063
2615,1967,12,0.115
2616,1968,1,-0.384
2617,1968,2,-0.02
2618,1968,3,0.868
2619,1968,4,0.022
2620,1968,5,-0.283
2621,1968,6,-0.202
2622,1968,7,-0.379
2623,1968,8,-0.338
2624,1968,9,-0.477
2625,1968,10,0.075
2626,1968,11,-0.214
2627,1968,12,-0.557
2628,1969,1,-0.767
2629,1969,2,-0.808
2630,1969,3,-0.169
2631,1969,4,0.146
2632,1969,5,0.091
2633,1969,6,0.041
2634,1969,7,-0.101
2635,1969,8,-0.009
2636,1969,9,-0.028
2637,1969,10,0.108
2638,1969,11,0.31
2639,1969,12,0.401
2640,1970,1,0.101
2641,1970,2,0.518
2642,1970,3,0.021
2643,1970,4,0.164
2644,1970,5,-0.067
2645,1970,6,0.071
2646,1970,7,0.1
2647,1970,8,-0.161
2648,1970,9,0.248
2649,1970,10,-0.019
2650,1970,11,-0.066
2651,1970,12,-0.299
2652,1971,1,0.244
2653,1971,2,-0.363
2654,1971,3,-0.256
2655,1971,4,-0.103
2656,1971,5,-0.066
2657,1971,6,-0.315
2658,1971,7,-0.157
2659,1971,8,0.066
2660,1971,9,0.101
2661,1971,10,0.017
2662,1971,11,0.189
2663,1971,12,0.067
2664,1972,1,-0.842
2665,1972,2,-0.648
2666,1972,3,-0.044
2667,1972,4,-0.086
2668,1972,5,-0.113
2669,1972,6,0.059
2670,1972,7,-0.069
2671,1972,8,0.361
2672,1972,9,-0.126
2673,1972,10,-0.048
2674,1972,11,-0.313
2675,1972,12,-0.005
2676,1973,1,0.328
2677,1973,2,0.668
2678,1973,3,0.593
2679,1973,4,0.55
2680,1973,5,0.5
2681,1973,6,0.41
2682,1973,7,0.158
2683,1973,8,0.076
2684,1973,9,0.126
2685,1973,10,0.244
2686,1973,11,0.144
2687,1973,12,0.074
2688,1974,1,-0.425
2689,1974,2,-0.659
2690,1974,3,-0.071
2691,1974,4,-0.06
2692,1974,5,-0.077
2693,1974,6,-0.016
2694,1974,7,0.007
2695,1974,8,0.232
2696,1974,9,-0.268
2697,1974,10,-0.239
2698,1974,11,-0.213
2699,1974,12,-0.239
2700,1975,1,0.355
2701,1975,2,0.19
2702,1975,3,0.465
2703,1975,4,0.193
2704,1975,5,0.489
2705,1975,6,0.148
2706,1975,7,0.069
2707,1975,8,-0.31
2708,1975,9,0.112
2709,1975,10,-0.022
2710,1975,11,-0.17
2711,1975,12,-0.088
2712,1976,1,0.198
2713,1976,2,-0.158
2714,1976,3,-0.724
2715,1976,4,-0.12
2716,1976,5,-0.329
2717,1976,6,-0.329
2718,1976,7,-0.089
2719,1976,8,-0.272
2720,1976,9,-0.106
2721,1976,10,-0.82
2722,1976,11,-0.398
2723,1976,12,-0.069
2724,1977,1,-0.174
2725,1977,2,0.294
2726,1977,3,0.498
2727,1977,4,0.448
2728,1977,5,0.555
2729,1977,6,0.495
2730,1977,7,0.376
2731,1977,8,0.332
2732,1977,9,-0.127
2733,1977,10,-0.151
2734,1977,11,0.486
2735,1977,12,0.027
2736,1978,1,0.051
2737,1978,2,0.278
2738,1978,3,0.391
2739,1978,4,0.403
2740,1978,5,0.133
2741,1978,6,-0.187
2742,1978,7,0.093
2743,1978,8,-0.489
2744,1978,9,0.038
2745,1978,10,0.009
2746,1978,11,0.299
2747,1978,12,0.004
2748,1979,1,-0.004
2749,1979,2,-0.343
2750,1979,3,0.205
2751,1979,4,0.061
2752,1979,5,-0.108
2753,1979,6,0.03
2754,1979,7,-0.197
2755,1979,8,0.047
2756,1979,9,0.237
2757,1979,10,0.235
2758,1979,11,0.226
2759,1979,12,0.853
2760,1980,1,0.287
2761,1980,2,0.482
2762,1980,3,0.131
2763,1980,4,0.519
2764,1980,5,0.518
2765,1980,6,0.187
2766,1980,7,0.479
2767,1980,8,0.409
2768,1980,9,0.325
2769,1980,10,0.221
2770,1980,11,0.637
2771,1980,12,0.277
2772,1981,1,1.141
2773,1981,2,0.839
2774,1981,3,0.981
2775,1981,4,0.539
2776,1981,5,0.253
2777,1981,6,0.369
2778,1981,7,0.453
2779,1981,8,0.75
2780,1981,9,0.201
2781,1981,10,0.043
2782,1981,11,0.195
2783,1981,12,0.792
2784,1982,1,-0.106
2785,1982,2,0.122
2786,1982,3,-0.351
2787,1982,4,0.078
2788,1982,5,0.096
2789,1982,6,-0.112
2790,1982,7,0.291
2791,1982,8,0.007
2792,1982,9,0.043
2793,1982,10,-0.095
2794,1982,11,-0.073
2795,1982,12,0.612
2796,1983,1,0.78
2797,1983,2,0.648
2798,1983,3,0.455
2799,1983,4,0.299
2800,1983,5,0.492
2801,1983,6,0.089
2802,1983,7,0.125
2803,1983,8,0.515
2804,1983,9,0.697
2805,1983,10,0.162
2806,1983,11,0.712
2807,1983,12,0.117
2808,1984,1,0.276
2809,1984,2,-0.104
2810,1984,3,0.447
2811,1984,4,0.03
2812,1984,5,0.753
2813,1984,6,-0.037
2814,1984,7,0.154
2815,1984,8,0.157
2816,1984,9,0.012
2817,1984,10,0.05
2818,1984,11,-0.227
2819,1984,12,-0.571
2820,1985,1,0.371
2821,1985,2,-0.481
2822,1985,3,0.214
2823,1985,4,0.222
2824,1985,5,0.178
2825,1985,6,0.195
2826,1985,7,-0.275
2827,1985,8,0.279
2828,1985,9,-0.058
2829,1985,10,0.018
2830,1985,11,-0.075
2831,1985,12,0.098
2832,1986,1,0.654
2833,1986,2,0.823
2834,1986,3,0.57
2835,1986,4,0.463
2836,1986,5,0.352
2837,1986,6,0.023
2838,1986,7,0.04
2839,1986,8,0.206
2840,1986,9,-0.149
2841,1986,10,0.016
2842,1986,11,-0.096
2843,1986,12,0.064
2844,1987,1,0.494
2845,1987,2,0.978
2846,1987,3,0.059
2847,1987,4,0.207
2848,1987,5,0.273
2849,1987,6,0.545
2850,1987,7,0.629
2851,1987,8,0.127
2852,1987,9,0.481
2853,1987,10,0.301
2854,1987,11,0.011
2855,1987,12,0.77
2856,1988,1,0.817
2857,1988,2,0.255
2858,1988,3,0.708
2859,1988,4,0.627
2860,1988,5,0.626
2861,1988,6,0.706
2862,1988,7,0.501
2863,1988,8,0.748
2864,1988,9,0.713
2865,1988,10,0.678
2866,1988,11,0.268
2867,1988,12,0.668
2868,1989,1,0.066
2869,1989,2,0.457
2870,1989,3,0.564
2871,1989,4,0.327
2872,1989,5,0.037
2873,1989,6,0.091
2874,1989,7,0.362
2875,1989,8,0.362
2876,1989,9,0.421
2877,1989,10,0.463
2878,1989,11,0.168
2879,1989,12,0.747
2880,1990,1,0.618
2881,1990,2,0.512
2882,1990,3,1.507
2883,1990,4,0.784
2884,1990,5,0.584
2885,1990,6,0.511
2886,1990,7,0.509
2887,1990,8,0.332
2888,1990,9,0.223
2889,1990,10,0.581
2890,1990,11,0.882
2891,1990,12,0.711
2892,1991,1,0.599
2893,1991,2,0.906
2894,1991,3,0.34
2895,1991,4,0.87
2896,1991,5,0.372
2897,1991,6,0.909
2898,1991,7,0.74
2899,1991,8,0.536
2900,1991,9,0.675
2901,1991,10,0.449
2902,1991,11,0.392
2903,1991,12,0.365
2904,1992,1,0.927
2905,1992,2,0.699
2906,1992,3,0.691
2907,1992,4,0.181
2908,1992,5,0.289
2909,1992,6,0.2
2910,1992,7,-0.121
2911,1992,8,-0.027
2912,1992,9,-0.345
2913,1992,10,0.057
2914,1992,11,-0.136
2915,1992,12,0.378
2916,1993,1,0.651
2917,1993,2,0.617
2918,1993,3,0.697
2919,1993,4,0.304
2920,1993,5,0.242
2921,1993,6,0.156
2922,1993,7,0.299
2923,1993,8,0.053
2924,1993,9,-0.045
2925,1993,10,0.321
2926,1993,11,-0.28
2927,1993,12,0.348
2928,1994,1,0.406
2929,1994,2,-0.34
2930,1994,3,0.511
2931,1994,4,0.634
2932,1994,5,0.443
2933,1994,6,0.777
2934,1994,7,0.431
2935,1994,8,0.167
2936,1994,9,0.526
2937,1994,10,0.697
2938,1994,11,0.775
2939,1994,12,0.38
2940,1995,1,0.917
2941,1995,2,1.495
2942,1995,3,0.74
2943,1995,4,0.611
2944,1995,5,0.342
2945,1995,6,0.79
2946,1995,7,0.841
2947,1995,8,0.845
2948,1995,9,0.577
2949,1995,10,0.791
2950,1995,11,0.736
2951,1995,12,0.393
2952,1996,1,0.242
2953,1996,2,0.819
2954,1996,3,0.333
2955,1996,4,0.288
2956,1996,5,0.349
2957,1996,6,0.292
2958,1996,7,0.577
2959,1996,8,0.808
2960,1996,9,0.334
2961,1996,10,0.207
2962,1996,11,0.497
2963,1996,12,0.597
2964,1997,1,0.511
2965,1997,2,0.591
2966,1997,3,0.723
2967,1997,4,0.473
2968,1997,5,0.334
2969,1997,6,0.755
2970,1997,7,0.25
2971,1997,8,0.435
2972,1997,9,0.67
2973,1997,10,0.804
2974,1997,11,0.826
2975,1997,12,0.704
2976,1998,1,0.731
2977,1998,2,1.662
2978,1998,3,0.77
2979,1998,4,0.977
2980,1998,5,1.034
2981,1998,6,1.155
2982,1998,7,1.067
2983,1998,8,1.094
2984,1998,9,0.669
2985,1998,10,0.64
2986,1998,11,0.381
2987,1998,12,0.977
2988,1999,1,0.934
2989,1999,2,1.504
2990,1999,3,0.29
2991,1999,4,0.411
2992,1999,5,0.436
2993,1999,6,0.659
2994,1999,7,0.567
2995,1999,8,0.559
2996,1999,9,0.721
2997,1999,10,0.668
2998,1999,11,0.575
2999,1999,12,0.835
3000,2000,1,0.317
3001,2000,2,1.007
3002,2000,3,0.964
3003,2000,4,1.158
3004,2000,5,0.621
3005,2000,6,0.673
3006,2000,7,0.571
3007,2000,8,0.737
3008,2000,9,0.579
3009,2000,10,0.14
3010,2000,11,0.239
3011,2000,12,0.14
3012,2001,1,0.706
3013,2001,2,0.55
3014,2001,3,0.999
3015,2001,4,0.832
3016,2001,5,1.03
3017,2001,6,0.711
3018,2001,7,0.863
3019,2001,8,0.628
3020,2001,9,0.72
3021,2001,10,0.565
3022,2001,11,1.262
3023,2001,12,0.776
3024,2002,1,1.382
3025,2002,2,1.511
3026,2002,3,1.536
3027,2002,4,0.816
3028,2002,5,1.015
3029,2002,6,0.713
3030,2002,7,1.062
3031,2002,8,0.771
3032,2002,9,0.971
3033,2002,10,0.676
3034,2002,11,0.876
3035,2002,12,0.338
3036,2003,1,1.346
3037,2003,2,0.932
3038,2003,3,0.825
3039,2003,4,0.767
3040,2003,5,0.915
3041,2003,6,0.631
3042,2003,7,0.721
3043,2003,8,0.867
3044,2003,9,0.898
3045,2003,10,1.077
3046,2003,11,0.645
3047,2003,12,1.417
3048,2004,1,0.903
3049,2004,2,1.306
3050,2004,3,1.1
3051,2004,4,0.851
3052,2004,5,0.301
3053,2004,6,0.525
3054,2004,7,0.034
3055,2004,8,0.398
3056,2004,9,0.625
3057,2004,10,0.854
3058,2004,11,1.286
3059,2004,12,0.545
3060,2005,1,1.161
3061,2005,2,0.77
3062,2005,3,1.332
3063,2005,4,1.198
3064,2005,5,0.987
3065,2005,6,1.096
3066,2005,7,0.921
3067,2005,8,0.734
3068,2005,9,1.233
3069,2005,10,1.327
3070,2005,11,1.393
3071,2005,12,1.148
3072,2006,1,0.648
3073,2006,2,1.239
3074,2006,3,1.101
3075,2006,4,0.654
3076,2006,5,0.519
3077,2006,6,1.091
3078,2006,7,0.735
3079,2006,8,1.131
3080,2006,9,0.912
3081,2006,10,1.024
3082,2006,11,0.908
3083,2006,12,1.286
3084,2007,1,1.949
3085,2007,2,1.055
3086,2007,3,1.171
3087,2007,4,1.399
3088,2007,5,1.284
3089,2007,6,0.98
3090,2007,7,0.962
3091,2007,8,0.962
3092,2007,9,0.966
3093,2007,10,1.014
3094,2007,11,1.051
3095,2007,12,0.803
3096,2008,1,0.239
3097,2008,2,0.437
3098,2008,3,1.645
3099,2008,4,0.9
3100,2008,5,0.797
3101,2008,6,0.763
3102,2008,7,0.891
3103,2008,8,0.549
3104,2008,9,0.813
3105,2008,10,1.141
3106,2008,11,1.207
3107,2008,12,0.676
3108,2009,1,1.049
3109,2009,2,0.934
3110,2009,3,0.871
3111,2009,4,0.934
3112,2009,5,0.916
3113,2009,6,0.89
3114,2009,7,1.029
3115,2009,8,0.912
3116,2009,9,1.183
3117,2009,10,0.823
3118,2009,11,1.022
3119,2009,12,0.587
3120,2010,1,1.056
3121,2010,2,1.203
3122,2010,3,1.477
3123,2010,4,1.298
3124,2010,5,1.187
3125,2010,6,1.019
3126,2010,7,0.911
3127,2010,8,0.989
3128,2010,9,0.925
3129,2010,10,1.148
3130,2010,11,1.448
3131,2010,12,0.55
3132,2011,1,0.654
3133,2011,2,0.533
3134,2011,3,0.853
3135,2011,4,1.088
3136,2011,5,0.725
3137,2011,6,1.0
3138,2011,7,1.253
3139,2011,8,1.291
3140,2011,9,0.929
3141,2011,10,1.072
3142,2011,11,0.779
3143,2011,12,0.922
3144,2012,1,0.5
3145,2012,2,0.413
3146,2012,3,0.764
3147,2012,4,1.254
3148,2012,5,1.334
3149,2012,6,1.101
3150,2012,7,0.825
3151,2012,8,0.913
3152,2012,9,1.011
3153,2012,10,1.095
3154,2012,11,1.075
3155,2012,12,0.326
3156,2013,1,1.05
3157,2013,2,0.983
3158,2013,3,0.984
3159,2013,4,0.635
3160,2013,5,0.962
3161,2013,6,1.191
3162,2013,7,0.729
3163,2013,8,0.993
3164,2013,9,1.177
3165,2013,10,0.951
3166,2013,11,1.363
3167,2013,12,0.963
3168,2014,1,1.091
3169,2014,2,0.298
3170,2014,3,1.124
3171,2014,4,1.195
3172,2014,5,1.301
3173,2014,6,0.928
3174,2014,7,0.609
3175,2014,8,1.11
3176,2014,9,1.116
3177,2014,10,1.049
3178,2014,11,0.693
3179,2014,12,1.134
3180,2015,1,1.238
3181,2015,2,1.448
3182,2015,3,1.502
3183,2015,4,0.928
3184,2015,5,1.111
3185,2015,6,1.147
3186,2015,7,0.824
3187,2015,8,0.991
3188,2015,9,1.004
3189,2015,10,1.468
3190,2015,11,1.385
3191,2015,12,1.748
3192,2016,1,1.533
3193,2016,2,2.162
3194,2016,3,2.27
3195,2016,4,1.764
3196,2016,5,1.398
3197,2016,6,1.008
3198,2016,7,1.042
3199,2016,8,1.526
3200,2016,9,1.217
3201,2016,10,0.955
3202,2016,11,1.175
3203,2016,12,1.199
3204,2017,1,1.485
3205,2017,2,1.728
3206,2017,3,1.927
3207,2017,4,1.249
3208,2017,5,1.404
3209,2017,6,0.896
3210,2017,7,1.078
3211,2017,8,1.152
3212,2017,9,1.057
3213,2017,10,1.246
3214,2017,11,1.11
3215,2017,12,1.405
3216,2018,1,1.099
3217,2018,2,1.082
3218,2018,3,1.463
3219,2018,4,1.296
3220,2018,5,1.214
3221,2018,6,1.123
3222,2018,7,1.226
3223,2018,8,1.06
3224,2018,9,0.945
3225,2018,10,1.315
3226,2018,11,0.87
3227,2018,12,1.144
3228,2019,1,1.356
3229,2019,2,1.219
3230,2019,3,1.892
3231,2019,4,1.491
3232,2019,5,1.125
3233,2019,6,1.157
3234,2019,7,1.233
3235,2019,8,1.178
3236,2019,9,1.287
3237,2019,10,1.434
3238,2019,11,1.257
3239,2019,12,1.656
3240,2020,1,1.952
3241,2020,2,2.085
3242,2020,3,1.83
3243,2020,4,1.636
3244,2020,5,1.421
3245,2020,6,1.325
3246,2020,7,1.261
3247,2020,8,1.193
3248,2020,9,1.516
3249,2020,10,1.159
3250,2020,11,1.703
3251,2020,12,1.064
